# theta_low theta_high x_low x_high theta_center x_center ratio_integral err_integral ratio_width err_width
0.000000 6.000000 58.500000 75.500000 3.000000 67.000000 1.014298 0.000445 0.984515 0.000118
0.000000 6.000000 75.500000 84.000000 3.000000 79.750000 1.009411 0.000518 0.983889 0.000142
0.000000 6.000000 84.000000 92.500000 3.000000 88.250000 1.001250 0.000512 0.984672 0.000135
0.000000 6.000000 92.500000 101.000000 3.000000 96.750000 0.999891 0.000512 0.984918 0.000138
0.000000 6.000000 101.000000 109.500000 3.000000 105.250000 1.017319 0.000525 0.985939 0.000146
0.000000 6.000000 109.500000 118.000000 3.000000 113.750000 1.010035 0.000506 0.986830 0.000142
0.000000 6.000000 118.000000 126.500000 3.000000 122.250000 1.006165 0.000506 0.985325 0.000141
0.000000 6.000000 126.500000 135.000000 3.000000 130.750000 1.014081 0.000530 0.986770 0.000146
0.000000 6.000000 135.000000 143.500000 3.000000 139.250000 1.036930 0.000528 0.988687 0.000150
0.000000 6.000000 143.500000 152.000000 3.000000 147.750000 1.044638 0.000535 0.986358 0.000156
0.000000 6.000000 152.000000 160.500000 3.000000 156.250000 1.032831 0.000534 0.985860 0.000146
0.000000 6.000000 160.500000 169.000000 3.000000 164.750000 1.035634 0.000535 0.988634 0.000153
0.000000 6.000000 169.000000 177.500000 3.000000 173.250000 1.030412 0.000521 0.990590 0.000157
0.000000 6.000000 177.500000 186.000000 3.000000 181.750000 1.024870 0.000540 0.988398 0.000152
0.000000 6.000000 186.000000 194.500000 3.000000 190.250000 0.999994 0.000538 0.987439 0.000152
0.000000 6.000000 194.500000 203.000000 3.000000 198.750000 1.017418 0.000551 0.986322 0.000154
0.000000 6.000000 203.000000 220.000000 3.000000 211.500000 1.027154 0.000575 0.990207 0.000165
6.000000 12.000000 58.500000 75.500000 9.000000 67.000000 1.013583 0.000385 0.992178 0.000102
6.000000 12.000000 75.500000 84.000000 9.000000 79.750000 1.010014 0.000455 0.994414 0.000123
6.000000 12.000000 84.000000 92.500000 9.000000 88.250000 1.018375 0.000459 0.993881 0.000126
6.000000 12.000000 92.500000 101.000000 9.000000 96.750000 1.019912 0.000461 0.994010 0.000125
6.000000 12.000000 101.000000 109.500000 9.000000 105.250000 1.022918 0.000463 0.993801 0.000128
6.000000 12.000000 109.500000 118.000000 9.000000 113.750000 1.010898 0.000461 0.994566 0.000128
6.000000 12.000000 118.000000 126.500000 9.000000 122.250000 1.011989 0.000464 0.993579 0.000130
6.000000 12.000000 126.500000 135.000000 9.000000 130.750000 1.009486 0.000461 0.993319 0.000131
6.000000 12.000000 135.000000 143.500000 9.000000 139.250000 1.014235 0.000457 0.994646 0.000132
6.000000 12.000000 143.500000 152.000000 9.000000 147.750000 1.013792 0.000447 0.994974 0.000134
6.000000 12.000000 152.000000 160.500000 9.000000 156.250000 1.023712 0.000449 0.995815 0.000135
6.000000 12.000000 160.500000 169.000000 9.000000 164.750000 1.011210 0.000450 0.997428 0.000140
6.000000 12.000000 169.000000 177.500000 9.000000 173.250000 1.014652 0.000450 0.996978 0.000139
6.000000 12.000000 177.500000 186.000000 9.000000 181.750000 1.019032 0.000457 0.995357 0.000139
6.000000 12.000000 186.000000 194.500000 9.000000 190.250000 1.019284 0.000453 0.997575 0.000140
6.000000 12.000000 194.500000 203.000000 9.000000 198.750000 1.023088 0.000444 0.998227 0.000141
6.000000 12.000000 203.000000 220.000000 9.000000 211.500000 1.018807 0.000492 0.998122 0.000153
12.000000 18.000000 58.500000 75.500000 15.000000 67.000000 1.025351 0.000368 0.996605 0.000099
12.000000 18.000000 75.500000 84.000000 15.000000 79.750000 1.018284 0.000445 0.999451 0.000120
12.000000 18.000000 84.000000 92.500000 15.000000 88.250000 1.028215 0.000451 1.000394 0.000122
12.000000 18.000000 92.500000 101.000000 15.000000 96.750000 1.031682 0.000462 1.001221 0.000126
12.000000 18.000000 101.000000 109.500000 15.000000 105.250000 1.039705 0.000466 1.000265 0.000126
12.000000 18.000000 109.500000 118.000000 15.000000 113.750000 1.027081 0.000476 1.001310 0.000132
12.000000 18.000000 118.000000 126.500000 15.000000 122.250000 1.029397 0.000472 0.999976 0.000130
12.000000 18.000000 126.500000 135.000000 15.000000 130.750000 1.038932 0.000475 1.001154 0.000132
12.000000 18.000000 135.000000 143.500000 15.000000 139.250000 1.036187 0.000473 1.001473 0.000133
12.000000 18.000000 143.500000 152.000000 15.000000 147.750000 1.026724 0.000478 1.001124 0.000134
12.000000 18.000000 152.000000 160.500000 15.000000 156.250000 1.025282 0.000464 1.002032 0.000135
12.000000 18.000000 160.500000 169.000000 15.000000 164.750000 1.031222 0.000465 1.002490 0.000136
12.000000 18.000000 169.000000 177.500000 15.000000 173.250000 1.025967 0.000472 1.002934 0.000138
12.000000 18.000000 177.500000 186.000000 15.000000 181.750000 1.023054 0.000473 1.002421 0.000141
12.000000 18.000000 186.000000 194.500000 15.000000 190.250000 1.022348 0.000472 1.002659 0.000141
12.000000 18.000000 194.500000 203.000000 15.000000 198.750000 1.032194 0.000469 1.003891 0.000140
12.000000 18.000000 203.000000 220.000000 15.000000 211.500000 1.033462 0.000505 1.003885 0.000155
18.000000 24.000000 58.500000 75.500000 21.000000 67.000000 1.014925 0.000372 0.999044 0.000096
18.000000 24.000000 75.500000 84.000000 21.000000 79.750000 1.010809 0.000443 1.002253 0.000119
18.000000 24.000000 84.000000 92.500000 21.000000 88.250000 1.012581 0.000447 1.002604 0.000123
18.000000 24.000000 92.500000 101.000000 21.000000 96.750000 1.017789 0.000450 1.002673 0.000125
18.000000 24.000000 101.000000 109.500000 21.000000 105.250000 1.022521 0.000459 1.003362 0.000127
18.000000 24.000000 109.500000 118.000000 21.000000 113.750000 1.021583 0.000469 1.003379 0.000127
18.000000 24.000000 118.000000 126.500000 21.000000 122.250000 1.029364 0.000471 1.003858 0.000130
18.000000 24.000000 126.500000 135.000000 21.000000 130.750000 1.036446 0.000477 1.003815 0.000134
18.000000 24.000000 135.000000 143.500000 21.000000 139.250000 1.033404 0.000483 1.003500 0.000133
18.000000 24.000000 143.500000 152.000000 21.000000 147.750000 1.032460 0.000487 1.003713 0.000137
18.000000 24.000000 152.000000 160.500000 21.000000 156.250000 1.037138 0.000497 1.003124 0.000134
18.000000 24.000000 160.500000 169.000000 21.000000 164.750000 1.030023 0.000490 1.003920 0.000136
18.000000 24.000000 169.000000 177.500000 21.000000 173.250000 1.029320 0.000484 1.003729 0.000138
18.000000 24.000000 177.500000 186.000000 21.000000 181.750000 1.030426 0.000493 1.004307 0.000140
18.000000 24.000000 186.000000 194.500000 21.000000 190.250000 1.035229 0.000487 1.004790 0.000145
18.000000 24.000000 194.500000 203.000000 21.000000 198.750000 1.041439 0.000489 1.006190 0.000143
18.000000 24.000000 203.000000 220.000000 21.000000 211.500000 1.047750 0.000523 1.005824 0.000151
24.000000 30.000000 58.500000 75.500000 27.000000 67.000000 1.010855 0.000392 0.998764 0.000098
24.000000 30.000000 75.500000 84.000000 27.000000 79.750000 1.009245 0.000454 1.001722 0.000118
24.000000 30.000000 84.000000 92.500000 27.000000 88.250000 1.016257 0.000452 1.001657 0.000122
24.000000 30.000000 92.500000 101.000000 27.000000 96.750000 1.018826 0.000462 1.001943 0.000126
24.000000 30.000000 101.000000 109.500000 27.000000 105.250000 1.022036 0.000469 1.003078 0.000126
24.000000 30.000000 109.500000 118.000000 27.000000 113.750000 1.025440 0.000475 1.002747 0.000128
24.000000 30.000000 118.000000 126.500000 27.000000 122.250000 1.019152 0.000486 1.003351 0.000131
24.000000 30.000000 126.500000 135.000000 27.000000 130.750000 1.030489 0.000483 1.004067 0.000134
24.000000 30.000000 135.000000 143.500000 27.000000 139.250000 1.032854 0.000488 1.003412 0.000135
24.000000 30.000000 143.500000 152.000000 27.000000 147.750000 1.031183 0.000496 1.003815 0.000136
24.000000 30.000000 152.000000 160.500000 27.000000 156.250000 1.030481 0.000495 1.004758 0.000136
24.000000 30.000000 160.500000 169.000000 27.000000 164.750000 1.036613 0.000502 1.004351 0.000139
24.000000 30.000000 169.000000 177.500000 27.000000 173.250000 1.030252 0.000503 1.003795 0.000141
24.000000 30.000000 177.500000 186.000000 27.000000 181.750000 1.028785 0.000500 1.005113 0.000140
24.000000 30.000000 186.000000 194.500000 27.000000 190.250000 1.040419 0.000505 1.005007 0.000143
24.000000 30.000000 194.500000 203.000000 27.000000 198.750000 1.041989 0.000498 1.005074 0.000145
24.000000 30.000000 203.000000 220.000000 27.000000 211.500000 1.045377 0.000540 1.008624 0.000155
30.000000 38.000000 58.500000 75.500000 34.000000 67.000000 0.997726 0.000345 0.998267 0.000084
30.000000 38.000000 75.500000 84.000000 34.000000 79.750000 0.987515 0.000409 1.001531 0.000104
30.000000 38.000000 84.000000 92.500000 34.000000 88.250000 0.996741 0.000407 1.002474 0.000104
30.000000 38.000000 92.500000 101.000000 34.000000 96.750000 0.995224 0.000415 1.002371 0.000109
30.000000 38.000000 101.000000 109.500000 34.000000 105.250000 1.003010 0.000417 1.002075 0.000109
30.000000 38.000000 109.500000 118.000000 34.000000 113.750000 1.002837 0.000433 1.002569 0.000113
30.000000 38.000000 118.000000 126.500000 34.000000 122.250000 1.006984 0.000434 1.002615 0.000116
30.000000 38.000000 126.500000 135.000000 34.000000 130.750000 1.012184 0.000439 1.003118 0.000118
30.000000 38.000000 135.000000 143.500000 34.000000 139.250000 1.010903 0.000449 1.001856 0.000123
30.000000 38.000000 143.500000 152.000000 34.000000 147.750000 1.010126 0.000450 1.003634 0.000121
30.000000 38.000000 152.000000 160.500000 34.000000 156.250000 1.012987 0.000461 1.004324 0.000122
30.000000 38.000000 160.500000 169.000000 34.000000 164.750000 1.016237 0.000461 1.003554 0.000124
30.000000 38.000000 169.000000 177.500000 34.000000 173.250000 1.020545 0.000461 1.003427 0.000125
30.000000 38.000000 177.500000 186.000000 34.000000 181.750000 1.024166 0.000466 1.004472 0.000127
30.000000 38.000000 186.000000 194.500000 34.000000 190.250000 1.019222 0.000478 1.003803 0.000128
30.000000 38.000000 194.500000 203.000000 34.000000 198.750000 1.021498 0.000474 1.003899 0.000128
30.000000 38.000000 203.000000 220.000000 34.000000 211.500000 1.022177 0.000529 1.006321 0.000141
38.000000 46.000000 58.500000 75.500000 42.000000 67.000000 1.026122 0.000404 0.995645 0.000089
38.000000 46.000000 75.500000 84.000000 42.000000 79.750000 1.009842 0.000489 0.998635 0.000112
38.000000 46.000000 84.000000 92.500000 42.000000 88.250000 1.011592 0.000487 0.999358 0.000109
38.000000 46.000000 92.500000 101.000000 42.000000 96.750000 1.015615 0.000483 0.999819 0.000109
38.000000 46.000000 101.000000 109.500000 42.000000 105.250000 1.017118 0.000487 1.000325 0.000113
38.000000 46.000000 109.500000 118.000000 42.000000 113.750000 1.017597 0.000490 1.001199 0.000115
38.000000 46.000000 118.000000 126.500000 42.000000 122.250000 1.017166 0.000508 1.001170 0.000118
38.000000 46.000000 126.500000 135.000000 42.000000 130.750000 1.021209 0.000521 1.000695 0.000122
38.000000 46.000000 135.000000 143.500000 42.000000 139.250000 1.016173 0.000524 1.000216 0.000124
38.000000 46.000000 143.500000 152.000000 42.000000 147.750000 1.024791 0.000533 1.000753 0.000126
38.000000 46.000000 152.000000 160.500000 42.000000 156.250000 1.025596 0.000539 1.001611 0.000127
38.000000 46.000000 160.500000 169.000000 42.000000 164.750000 1.023502 0.000545 1.001502 0.000130
38.000000 46.000000 169.000000 177.500000 42.000000 173.250000 1.024793 0.000553 1.000877 0.000132
38.000000 46.000000 177.500000 186.000000 42.000000 181.750000 1.026682 0.000553 1.001383 0.000132
38.000000 46.000000 186.000000 194.500000 42.000000 190.250000 1.026438 0.000556 1.001677 0.000134
38.000000 46.000000 194.500000 203.000000 42.000000 198.750000 1.030823 0.000565 1.000437 0.000139
38.000000 46.000000 203.000000 220.000000 42.000000 211.500000 1.037318 0.000625 1.002498 0.000153
46.000000 56.000000 58.500000 75.500000 51.000000 67.000000 1.068495 0.000505 0.991985 0.000089
46.000000 56.000000 75.500000 84.000000 51.000000 79.750000 1.045148 0.000595 0.995840 0.000108
46.000000 56.000000 84.000000 92.500000 51.000000 88.250000 1.022358 0.000591 0.996422 0.000110
46.000000 56.000000 92.500000 101.000000 51.000000 96.750000 1.032442 0.000579 0.995769 0.000114
46.000000 56.000000 101.000000 109.500000 51.000000 105.250000 1.023383 0.000587 0.995323 0.000115
46.000000 56.000000 109.500000 118.000000 51.000000 113.750000 1.021349 0.000589 0.995972 0.000118
46.000000 56.000000 118.000000 126.500000 51.000000 122.250000 1.027261 0.000587 0.996046 0.000123
46.000000 56.000000 126.500000 135.000000 51.000000 130.750000 1.019702 0.000610 0.996866 0.000127
46.000000 56.000000 135.000000 143.500000 51.000000 139.250000 1.023627 0.000610 0.997200 0.000131
46.000000 56.000000 143.500000 152.000000 51.000000 147.750000 1.022324 0.000618 0.996499 0.000136
46.000000 56.000000 152.000000 160.500000 51.000000 156.250000 1.013927 0.000639 0.996495 0.000137
46.000000 56.000000 160.500000 169.000000 51.000000 164.750000 1.025903 0.000638 0.996847 0.000138
46.000000 56.000000 169.000000 177.500000 51.000000 173.250000 1.033811 0.000640 0.996197 0.000143
46.000000 56.000000 177.500000 186.000000 51.000000 181.750000 1.038941 0.000646 0.996012 0.000146
46.000000 56.000000 186.000000 194.500000 51.000000 190.250000 1.037351 0.000648 0.995758 0.000146
46.000000 56.000000 194.500000 203.000000 51.000000 198.750000 1.046087 0.000650 0.995529 0.000149
46.000000 56.000000 203.000000 220.000000 51.000000 211.500000 1.040464 0.000711 0.996750 0.000163
56.000000 90.000000 58.500000 75.500000 73.000000 67.000000 1.049588 0.000678 0.987354 0.000122
56.000000 90.000000 75.500000 84.000000 73.000000 79.750000 1.047232 0.000830 0.992210 0.000150
56.000000 90.000000 84.000000 92.500000 73.000000 88.250000 1.024154 0.000814 0.992201 0.000156
56.000000 90.000000 92.500000 101.000000 73.000000 96.750000 1.014670 0.000811 0.990346 0.000164
56.000000 90.000000 101.000000 109.500000 73.000000 105.250000 1.032188 0.000817 0.990336 0.000170
56.000000 90.000000 109.500000 118.000000 73.000000 113.750000 1.022607 0.000830 0.989701 0.000178
56.000000 90.000000 118.000000 126.500000 73.000000 122.250000 1.031841 0.000851 0.990476 0.000182
56.000000 90.000000 126.500000 135.000000 73.000000 130.750000 1.037745 0.000863 0.986602 0.000191
56.000000 90.000000 135.000000 143.500000 73.000000 139.250000 1.043852 0.000870 0.986348 0.000196
56.000000 90.000000 143.500000 152.000000 73.000000 147.750000 1.049567 0.000874 0.988933 0.000202
56.000000 90.000000 152.000000 160.500000 73.000000 156.250000 1.048032 0.000863 0.986477 0.000210
56.000000 90.000000 160.500000 169.000000 73.000000 164.750000 1.035094 0.000878 0.988917 0.000209
56.000000 90.000000 169.000000 177.500000 73.000000 173.250000 1.043115 0.000874 0.988487 0.000216
56.000000 90.000000 177.500000 186.000000 73.000000 181.750000 1.044575 0.000877 0.988048 0.000215
56.000000 90.000000 186.000000 194.500000 73.000000 190.250000 1.065388 0.000883 0.987486 0.000220
56.000000 90.000000 194.500000 203.000000 73.000000 198.750000 1.062381 0.000886 0.985996 0.000225
56.000000 90.000000 203.000000 220.000000 73.000000 211.500000 1.058442 0.000947 0.984190 0.000251
