# theta_low theta_high x_low x_high theta_center x_center ratio_integral err_integral ratio_width err_width
0.000000 6.000000 208.500000 225.500000 3.000000 217.000000 1.081249 0.000865 0.927992 0.000190
0.000000 6.000000 225.500000 234.000000 3.000000 229.750000 1.099382 0.001093 0.926791 0.000236
0.000000 6.000000 234.000000 242.500000 3.000000 238.250000 1.097203 0.001062 0.925278 0.000242
0.000000 6.000000 242.500000 251.000000 3.000000 246.750000 1.075369 0.001087 0.924118 0.000235
0.000000 6.000000 251.000000 259.500000 3.000000 255.250000 1.084996 0.001078 0.928095 0.000226
0.000000 6.000000 259.500000 268.000000 3.000000 263.750000 1.098383 0.001121 0.929431 0.000232
0.000000 6.000000 268.000000 276.500000 3.000000 272.250000 1.083422 0.001045 0.926691 0.000218
0.000000 6.000000 276.500000 285.000000 3.000000 280.750000 1.076162 0.001055 0.923443 0.000232
0.000000 6.000000 285.000000 293.500000 3.000000 289.250000 1.093552 0.001085 0.927542 0.000215
0.000000 6.000000 293.500000 302.000000 3.000000 297.750000 1.095739 0.001038 0.927998 0.000215
0.000000 6.000000 302.000000 310.500000 3.000000 306.250000 1.154960 0.001235 0.926621 0.000221
0.000000 6.000000 310.500000 319.000000 3.000000 314.750000 1.109995 0.001138 0.924991 0.000218
0.000000 6.000000 319.000000 327.500000 3.000000 323.250000 1.111103 0.001121 0.924244 0.000207
0.000000 6.000000 327.500000 336.000000 3.000000 331.750000 1.118492 0.001125 0.926984 0.000219
0.000000 6.000000 336.000000 344.500000 3.000000 340.250000 1.078011 0.001084 0.924324 0.000223
0.000000 6.000000 344.500000 353.000000 3.000000 348.750000 1.060256 0.001219 0.923329 0.000243
0.000000 6.000000 353.000000 370.000000 3.000000 361.500000 1.075712 0.001650 0.920204 0.000321
6.000000 12.000000 208.500000 225.500000 9.000000 217.000000 1.057782 0.000624 0.934203 0.000163
6.000000 12.000000 225.500000 234.000000 9.000000 229.750000 1.042359 0.000818 0.932532 0.000214
6.000000 12.000000 234.000000 242.500000 9.000000 238.250000 1.060075 0.000795 0.931860 0.000204
6.000000 12.000000 242.500000 251.000000 9.000000 246.750000 1.050678 0.000804 0.934050 0.000203
6.000000 12.000000 251.000000 259.500000 9.000000 255.250000 1.072190 0.000813 0.933833 0.000203
6.000000 12.000000 259.500000 268.000000 9.000000 263.750000 1.059199 0.000807 0.932555 0.000199
6.000000 12.000000 268.000000 276.500000 9.000000 272.250000 1.061427 0.000834 0.931848 0.000203
6.000000 12.000000 276.500000 285.000000 9.000000 280.750000 1.035602 0.000783 0.929881 0.000195
6.000000 12.000000 285.000000 293.500000 9.000000 289.250000 1.031328 0.000784 0.930605 0.000193
6.000000 12.000000 293.500000 302.000000 9.000000 297.750000 1.029058 0.000773 0.930054 0.000191
6.000000 12.000000 302.000000 310.500000 9.000000 306.250000 1.029633 0.000751 0.929848 0.000190
6.000000 12.000000 310.500000 319.000000 9.000000 314.750000 1.037596 0.000754 0.929359 0.000191
6.000000 12.000000 319.000000 327.500000 9.000000 323.250000 1.051574 0.000761 0.931587 0.000187
6.000000 12.000000 327.500000 336.000000 9.000000 331.750000 1.031896 0.000755 0.930320 0.000190
6.000000 12.000000 336.000000 344.500000 9.000000 340.250000 1.024546 0.000784 0.927759 0.000195
6.000000 12.000000 344.500000 353.000000 9.000000 348.750000 1.028263 0.000829 0.929645 0.000206
6.000000 12.000000 353.000000 370.000000 9.000000 361.500000 1.063663 0.001241 0.926085 0.000289
12.000000 18.000000 208.500000 225.500000 15.000000 217.000000 1.080695 0.000622 0.953523 0.000166
12.000000 18.000000 225.500000 234.000000 15.000000 229.750000 1.071176 0.000799 0.954586 0.000217
12.000000 18.000000 234.000000 242.500000 15.000000 238.250000 1.064247 0.000812 0.954737 0.000213
12.000000 18.000000 242.500000 251.000000 15.000000 246.750000 1.068053 0.000805 0.954224 0.000213
12.000000 18.000000 251.000000 259.500000 15.000000 255.250000 1.080629 0.000813 0.954977 0.000210
12.000000 18.000000 259.500000 268.000000 15.000000 263.750000 1.077760 0.000822 0.952874 0.000217
12.000000 18.000000 268.000000 276.500000 15.000000 272.250000 1.097528 0.000852 0.953485 0.000219
12.000000 18.000000 276.500000 285.000000 15.000000 280.750000 1.084615 0.000822 0.953520 0.000209
12.000000 18.000000 285.000000 293.500000 15.000000 289.250000 1.085142 0.000840 0.951966 0.000203
12.000000 18.000000 293.500000 302.000000 15.000000 297.750000 1.075576 0.000819 0.953411 0.000208
12.000000 18.000000 302.000000 310.500000 15.000000 306.250000 1.075269 0.000806 0.953236 0.000210
12.000000 18.000000 310.500000 319.000000 15.000000 314.750000 1.073333 0.000841 0.953236 0.000211
12.000000 18.000000 319.000000 327.500000 15.000000 323.250000 1.063979 0.000817 0.952372 0.000213
12.000000 18.000000 327.500000 336.000000 15.000000 331.750000 1.065242 0.000838 0.952050 0.000212
12.000000 18.000000 336.000000 344.500000 15.000000 340.250000 1.074798 0.000854 0.952594 0.000217
12.000000 18.000000 344.500000 353.000000 15.000000 348.750000 1.077454 0.000908 0.950907 0.000217
12.000000 18.000000 353.000000 370.000000 15.000000 361.500000 1.082540 0.001259 0.948667 0.000308
18.000000 24.000000 208.500000 225.500000 21.000000 217.000000 1.092260 0.000656 0.968345 0.000182
18.000000 24.000000 225.500000 234.000000 21.000000 229.750000 1.078958 0.000879 0.968548 0.000233
18.000000 24.000000 234.000000 242.500000 21.000000 238.250000 1.097736 0.000883 0.968055 0.000235
18.000000 24.000000 242.500000 251.000000 21.000000 246.750000 1.084419 0.000876 0.965152 0.000232
18.000000 24.000000 251.000000 259.500000 21.000000 255.250000 1.070701 0.000865 0.965981 0.000237
18.000000 24.000000 259.500000 268.000000 21.000000 263.750000 1.088471 0.000857 0.967224 0.000228
18.000000 24.000000 268.000000 276.500000 21.000000 272.250000 1.065446 0.000863 0.969775 0.000231
18.000000 24.000000 276.500000 285.000000 21.000000 280.750000 1.066599 0.000849 0.967478 0.000222
18.000000 24.000000 285.000000 293.500000 21.000000 289.250000 1.064099 0.000872 0.967617 0.000220
18.000000 24.000000 293.500000 302.000000 21.000000 297.750000 1.062842 0.000852 0.968092 0.000226
18.000000 24.000000 302.000000 310.500000 21.000000 306.250000 1.066023 0.000862 0.969144 0.000234
18.000000 24.000000 310.500000 319.000000 21.000000 314.750000 1.077082 0.000883 0.969159 0.000230
18.000000 24.000000 319.000000 327.500000 21.000000 323.250000 1.062637 0.000914 0.967765 0.000235
18.000000 24.000000 327.500000 336.000000 21.000000 331.750000 1.061138 0.000912 0.965448 0.000233
18.000000 24.000000 336.000000 344.500000 21.000000 340.250000 1.065205 0.000955 0.966438 0.000232
18.000000 24.000000 344.500000 353.000000 21.000000 348.750000 1.078787 0.000996 0.968351 0.000238
18.000000 24.000000 353.000000 370.000000 21.000000 361.500000 1.071782 0.001407 0.961482 0.000337
24.000000 30.000000 208.500000 225.500000 27.000000 217.000000 1.067614 0.000684 0.972994 0.000203
24.000000 30.000000 225.500000 234.000000 27.000000 229.750000 1.062863 0.000889 0.971899 0.000259
24.000000 30.000000 234.000000 242.500000 27.000000 238.250000 1.066592 0.000903 0.974215 0.000255
24.000000 30.000000 242.500000 251.000000 27.000000 246.750000 1.050519 0.000920 0.974874 0.000257
24.000000 30.000000 251.000000 259.500000 27.000000 255.250000 1.051930 0.000885 0.971166 0.000255
24.000000 30.000000 259.500000 268.000000 27.000000 263.750000 1.063973 0.000925 0.972430 0.000261
24.000000 30.000000 268.000000 276.500000 27.000000 272.250000 1.065646 0.000922 0.972692 0.000265
24.000000 30.000000 276.500000 285.000000 27.000000 280.750000 1.076147 0.000943 0.974655 0.000261
24.000000 30.000000 285.000000 293.500000 27.000000 289.250000 1.061347 0.000957 0.970972 0.000255
24.000000 30.000000 293.500000 302.000000 27.000000 297.750000 1.065472 0.000958 0.975819 0.000263
24.000000 30.000000 302.000000 310.500000 27.000000 306.250000 1.068417 0.001005 0.973780 0.000260
24.000000 30.000000 310.500000 319.000000 27.000000 314.750000 1.069167 0.001025 0.973024 0.000266
24.000000 30.000000 319.000000 327.500000 27.000000 323.250000 1.057943 0.001048 0.971613 0.000273
24.000000 30.000000 327.500000 336.000000 27.000000 331.750000 1.069613 0.001080 0.974048 0.000266
24.000000 30.000000 336.000000 344.500000 27.000000 340.250000 1.055801 0.001121 0.971842 0.000276
24.000000 30.000000 344.500000 353.000000 27.000000 348.750000 1.075314 0.001205 0.971483 0.000289
24.000000 30.000000 353.000000 370.000000 27.000000 361.500000 1.076690 0.001688 0.963202 0.000402
30.000000 38.000000 208.500000 225.500000 34.000000 217.000000 1.058365 0.000626 0.977254 0.000197
30.000000 38.000000 225.500000 234.000000 34.000000 229.750000 1.056530 0.000822 0.974693 0.000259
30.000000 38.000000 234.000000 242.500000 34.000000 238.250000 1.066657 0.000818 0.973495 0.000261
30.000000 38.000000 242.500000 251.000000 34.000000 246.750000 1.055314 0.000827 0.975678 0.000261
30.000000 38.000000 251.000000 259.500000 34.000000 255.250000 1.058854 0.000848 0.976394 0.000262
30.000000 38.000000 259.500000 268.000000 34.000000 263.750000 1.055773 0.000842 0.975815 0.000259
30.000000 38.000000 268.000000 276.500000 34.000000 272.250000 1.048478 0.000863 0.975956 0.000263
30.000000 38.000000 276.500000 285.000000 34.000000 280.750000 1.040231 0.000878 0.976107 0.000258
30.000000 38.000000 285.000000 293.500000 34.000000 289.250000 1.042727 0.000904 0.974571 0.000266
30.000000 38.000000 293.500000 302.000000 34.000000 297.750000 1.046597 0.000922 0.975180 0.000258
30.000000 38.000000 302.000000 310.500000 34.000000 306.250000 1.047771 0.000972 0.974029 0.000265
30.000000 38.000000 310.500000 319.000000 34.000000 314.750000 1.058070 0.000997 0.975816 0.000274
30.000000 38.000000 319.000000 327.500000 34.000000 323.250000 1.069707 0.001017 0.975754 0.000275
30.000000 38.000000 327.500000 336.000000 34.000000 331.750000 1.072231 0.001103 0.975799 0.000287
30.000000 38.000000 336.000000 344.500000 34.000000 340.250000 1.072315 0.001152 0.974218 0.000299
30.000000 38.000000 344.500000 353.000000 34.000000 348.750000 1.078682 0.001263 0.973502 0.000313
30.000000 38.000000 353.000000 370.000000 34.000000 361.500000 1.063028 0.001772 0.964855 0.000429
38.000000 46.000000 208.500000 225.500000 42.000000 217.000000 1.047380 0.000779 0.980633 0.000250
38.000000 46.000000 225.500000 234.000000 42.000000 229.750000 1.050562 0.001019 0.981349 0.000321
38.000000 46.000000 234.000000 242.500000 42.000000 238.250000 1.065049 0.001028 0.985759 0.000322
38.000000 46.000000 242.500000 251.000000 42.000000 246.750000 1.055086 0.001046 0.984752 0.000321
38.000000 46.000000 251.000000 259.500000 42.000000 255.250000 1.053161 0.001041 0.985367 0.000322
38.000000 46.000000 259.500000 268.000000 42.000000 263.750000 1.044528 0.001047 0.986192 0.000327
38.000000 46.000000 268.000000 276.500000 42.000000 272.250000 1.037350 0.001073 0.986545 0.000332
38.000000 46.000000 276.500000 285.000000 42.000000 280.750000 1.027707 0.001091 0.986301 0.000326
38.000000 46.000000 285.000000 293.500000 42.000000 289.250000 1.036361 0.001125 0.986476 0.000331
38.000000 46.000000 293.500000 302.000000 42.000000 297.750000 1.038677 0.001159 0.986870 0.000337
38.000000 46.000000 302.000000 310.500000 42.000000 306.250000 1.054995 0.001198 0.986738 0.000340
38.000000 46.000000 310.500000 319.000000 42.000000 314.750000 1.040362 0.001203 0.985426 0.000352
38.000000 46.000000 319.000000 327.500000 42.000000 323.250000 1.059737 0.001343 0.984239 0.000361
38.000000 46.000000 327.500000 336.000000 42.000000 331.750000 1.049023 0.001364 0.984724 0.000362
38.000000 46.000000 336.000000 344.500000 42.000000 340.250000 1.070635 0.001407 0.984004 0.000388
38.000000 46.000000 344.500000 353.000000 42.000000 348.750000 1.049252 0.001497 0.981925 0.000408
38.000000 46.000000 353.000000 370.000000 42.000000 361.500000 1.070686 0.002198 0.971881 0.000566
46.000000 56.000000 208.500000 225.500000 51.000000 217.000000 1.065580 0.000891 0.996421 0.000338
46.000000 56.000000 225.500000 234.000000 51.000000 229.750000 1.060980 0.001127 0.995949 0.000422
46.000000 56.000000 234.000000 242.500000 51.000000 238.250000 1.063854 0.001167 0.996386 0.000423
46.000000 56.000000 242.500000 251.000000 51.000000 246.750000 1.072404 0.001198 0.998127 0.000424
46.000000 56.000000 251.000000 259.500000 51.000000 255.250000 1.049196 0.001150 0.997774 0.000422
46.000000 56.000000 259.500000 268.000000 51.000000 263.750000 1.044379 0.001211 0.998202 0.000429
46.000000 56.000000 268.000000 276.500000 51.000000 272.250000 1.044610 0.001155 0.997845 0.000432
46.000000 56.000000 276.500000 285.000000 51.000000 280.750000 1.037049 0.001200 0.992894 0.000434
46.000000 56.000000 285.000000 293.500000 51.000000 289.250000 1.037833 0.001292 0.993908 0.000450
46.000000 56.000000 293.500000 302.000000 51.000000 297.750000 1.036885 0.001275 0.994408 0.000449
46.000000 56.000000 302.000000 310.500000 51.000000 306.250000 1.039843 0.001331 0.995317 0.000459
46.000000 56.000000 310.500000 319.000000 51.000000 314.750000 1.028396 0.001353 0.994621 0.000483
46.000000 56.000000 319.000000 327.500000 51.000000 323.250000 1.040913 0.001378 0.996074 0.000485
46.000000 56.000000 327.500000 336.000000 51.000000 331.750000 1.050707 0.001440 0.987643 0.000508
46.000000 56.000000 336.000000 344.500000 51.000000 340.250000 1.056505 0.001537 0.992890 0.000495
46.000000 56.000000 344.500000 353.000000 51.000000 348.750000 1.044350 0.001572 0.991002 0.000542
46.000000 56.000000 353.000000 370.000000 51.000000 361.500000 1.030083 0.002236 0.985596 0.000829
56.000000 90.000000 208.500000 225.500000 73.000000 217.000000 1.081786 0.001198 0.988571 0.000508
56.000000 90.000000 225.500000 234.000000 73.000000 229.750000 1.105577 0.001586 0.990665 0.000639
56.000000 90.000000 234.000000 242.500000 73.000000 238.250000 1.111722 0.001608 0.987862 0.000642
56.000000 90.000000 242.500000 251.000000 73.000000 246.750000 1.093189 0.001571 0.985475 0.000649
56.000000 90.000000 251.000000 259.500000 73.000000 255.250000 1.084353 0.001569 0.983263 0.000661
56.000000 90.000000 259.500000 268.000000 73.000000 263.750000 1.072694 0.001614 0.988234 0.000675
56.000000 90.000000 268.000000 276.500000 73.000000 272.250000 1.072640 0.001655 0.983015 0.000661
56.000000 90.000000 276.500000 285.000000 73.000000 280.750000 1.062457 0.001657 0.979077 0.000689
56.000000 90.000000 285.000000 293.500000 73.000000 289.250000 1.076722 0.001680 0.984903 0.000692
56.000000 90.000000 293.500000 302.000000 73.000000 297.750000 1.052596 0.001683 0.979056 0.000704
56.000000 90.000000 302.000000 310.500000 73.000000 306.250000 1.044794 0.001746 0.989398 0.000704
56.000000 90.000000 310.500000 319.000000 73.000000 314.750000 1.031864 0.001716 0.982890 0.000728
56.000000 90.000000 319.000000 327.500000 73.000000 323.250000 1.043188 0.001748 0.994354 0.000768
56.000000 90.000000 327.500000 336.000000 73.000000 331.750000 1.025775 0.001757 0.983089 0.000780
56.000000 90.000000 336.000000 344.500000 73.000000 340.250000 1.033659 0.001870 0.987686 0.000798
56.000000 90.000000 344.500000 353.000000 73.000000 348.750000 1.026516 0.001846 0.978981 0.000812
56.000000 90.000000 353.000000 370.000000 73.000000 361.500000 1.010697 0.003007 0.978545 0.001384
