# theta_low theta_high x_low x_high theta_center x_center ratio_integral err_integral ratio_width err_width
0.000000 6.000000 58.500000 75.500000 3.000000 67.000000 1.011117 0.000454 1.017484 0.000178
0.000000 6.000000 75.500000 84.000000 3.000000 79.750000 1.018696 0.000536 1.026174 0.000212
0.000000 6.000000 84.000000 92.500000 3.000000 88.250000 1.022573 0.000534 1.023196 0.000206
0.000000 6.000000 92.500000 101.000000 3.000000 96.750000 1.022434 0.000519 1.027239 0.000203
0.000000 6.000000 101.000000 109.500000 3.000000 105.250000 1.026382 0.000514 1.026215 0.000207
0.000000 6.000000 109.500000 118.000000 3.000000 113.750000 1.023256 0.000529 1.026784 0.000208
0.000000 6.000000 118.000000 126.500000 3.000000 122.250000 1.016329 0.000519 1.029656 0.000205
0.000000 6.000000 126.500000 135.000000 3.000000 130.750000 1.023142 0.000518 1.026102 0.000203
0.000000 6.000000 135.000000 143.500000 3.000000 139.250000 1.005707 0.000537 1.027804 0.000207
0.000000 6.000000 143.500000 152.000000 3.000000 147.750000 1.026892 0.000553 1.027138 0.000207
0.000000 6.000000 152.000000 160.500000 3.000000 156.250000 1.013973 0.000536 1.027508 0.000211
0.000000 6.000000 160.500000 169.000000 3.000000 164.750000 1.022861 0.000550 1.025900 0.000216
0.000000 6.000000 169.000000 177.500000 3.000000 173.250000 1.026596 0.000565 1.026163 0.000213
0.000000 6.000000 177.500000 186.000000 3.000000 181.750000 1.037452 0.000582 1.028192 0.000216
0.000000 6.000000 186.000000 194.500000 3.000000 190.250000 1.036482 0.000563 1.025670 0.000219
0.000000 6.000000 194.500000 203.000000 3.000000 198.750000 1.030798 0.000594 1.026983 0.000221
0.000000 6.000000 203.000000 220.000000 3.000000 211.500000 1.034073 0.000673 1.029304 0.000256
6.000000 12.000000 58.500000 75.500000 9.000000 67.000000 1.031218 0.000361 1.022479 0.000162
6.000000 12.000000 75.500000 84.000000 9.000000 79.750000 1.028547 0.000426 1.024470 0.000189
6.000000 12.000000 84.000000 92.500000 9.000000 88.250000 1.020489 0.000412 1.025458 0.000185
6.000000 12.000000 92.500000 101.000000 9.000000 96.750000 1.020407 0.000405 1.026207 0.000184
6.000000 12.000000 101.000000 109.500000 9.000000 105.250000 1.018707 0.000410 1.024942 0.000184
6.000000 12.000000 109.500000 118.000000 9.000000 113.750000 1.014944 0.000406 1.024541 0.000185
6.000000 12.000000 118.000000 126.500000 9.000000 122.250000 1.013493 0.000405 1.024967 0.000183
6.000000 12.000000 126.500000 135.000000 9.000000 130.750000 1.017519 0.000399 1.026847 0.000183
6.000000 12.000000 135.000000 143.500000 9.000000 139.250000 1.017645 0.000409 1.027033 0.000184
6.000000 12.000000 143.500000 152.000000 9.000000 147.750000 1.018575 0.000403 1.028368 0.000189
6.000000 12.000000 152.000000 160.500000 9.000000 156.250000 1.019186 0.000411 1.028377 0.000186
6.000000 12.000000 160.500000 169.000000 9.000000 164.750000 1.019699 0.000419 1.026096 0.000188
6.000000 12.000000 169.000000 177.500000 9.000000 173.250000 1.015966 0.000418 1.027644 0.000190
6.000000 12.000000 177.500000 186.000000 9.000000 181.750000 1.021676 0.000426 1.028381 0.000192
6.000000 12.000000 186.000000 194.500000 9.000000 190.250000 1.019230 0.000431 1.028714 0.000196
6.000000 12.000000 194.500000 203.000000 9.000000 198.750000 1.017749 0.000441 1.027711 0.000198
6.000000 12.000000 203.000000 220.000000 9.000000 211.500000 1.008252 0.000482 1.026259 0.000220
12.000000 18.000000 58.500000 75.500000 15.000000 67.000000 1.028793 0.000412 1.035090 0.000186
12.000000 18.000000 75.500000 84.000000 15.000000 79.750000 1.025701 0.000467 1.037138 0.000217
12.000000 18.000000 84.000000 92.500000 15.000000 88.250000 1.024454 0.000473 1.036494 0.000218
12.000000 18.000000 92.500000 101.000000 15.000000 96.750000 1.026668 0.000467 1.039178 0.000217
12.000000 18.000000 101.000000 109.500000 15.000000 105.250000 1.023294 0.000461 1.038936 0.000214
12.000000 18.000000 109.500000 118.000000 15.000000 113.750000 1.025905 0.000461 1.038576 0.000215
12.000000 18.000000 118.000000 126.500000 15.000000 122.250000 1.030335 0.000462 1.041138 0.000214
12.000000 18.000000 126.500000 135.000000 15.000000 130.750000 1.028072 0.000452 1.040812 0.000212
12.000000 18.000000 135.000000 143.500000 15.000000 139.250000 1.033097 0.000457 1.043861 0.000219
12.000000 18.000000 143.500000 152.000000 15.000000 147.750000 1.025378 0.000456 1.043579 0.000218
12.000000 18.000000 152.000000 160.500000 15.000000 156.250000 1.025105 0.000469 1.042792 0.000219
12.000000 18.000000 160.500000 169.000000 15.000000 164.750000 1.028671 0.000460 1.044038 0.000219
12.000000 18.000000 169.000000 177.500000 15.000000 173.250000 1.021866 0.000455 1.042109 0.000214
12.000000 18.000000 177.500000 186.000000 15.000000 181.750000 1.020479 0.000460 1.042044 0.000214
12.000000 18.000000 186.000000 194.500000 15.000000 190.250000 1.022564 0.000469 1.042140 0.000216
12.000000 18.000000 194.500000 203.000000 15.000000 198.750000 1.030158 0.000473 1.042740 0.000219
12.000000 18.000000 203.000000 220.000000 15.000000 211.500000 1.012629 0.000512 1.037095 0.000237
18.000000 24.000000 58.500000 75.500000 21.000000 67.000000 1.010942 0.000438 1.041508 0.000210
18.000000 24.000000 75.500000 84.000000 21.000000 79.750000 1.004921 0.000502 1.044202 0.000242
18.000000 24.000000 84.000000 92.500000 21.000000 88.250000 1.006700 0.000497 1.042561 0.000240
18.000000 24.000000 92.500000 101.000000 21.000000 96.750000 1.003850 0.000492 1.041651 0.000239
18.000000 24.000000 101.000000 109.500000 21.000000 105.250000 1.007809 0.000499 1.043823 0.000242
18.000000 24.000000 109.500000 118.000000 21.000000 113.750000 1.007148 0.000497 1.044831 0.000239
18.000000 24.000000 118.000000 126.500000 21.000000 122.250000 1.008870 0.000492 1.044405 0.000241
18.000000 24.000000 126.500000 135.000000 21.000000 130.750000 1.006761 0.000491 1.043717 0.000242
18.000000 24.000000 135.000000 143.500000 21.000000 139.250000 1.005220 0.000494 1.044721 0.000240
18.000000 24.000000 143.500000 152.000000 21.000000 147.750000 1.006499 0.000482 1.042384 0.000236
18.000000 24.000000 152.000000 160.500000 21.000000 156.250000 1.012924 0.000478 1.042993 0.000237
18.000000 24.000000 160.500000 169.000000 21.000000 164.750000 1.013130 0.000476 1.044147 0.000236
18.000000 24.000000 169.000000 177.500000 21.000000 173.250000 1.008484 0.000480 1.045687 0.000237
18.000000 24.000000 177.500000 186.000000 21.000000 181.750000 1.011620 0.000480 1.044970 0.000235
18.000000 24.000000 186.000000 194.500000 21.000000 190.250000 1.014960 0.000488 1.046241 0.000240
18.000000 24.000000 194.500000 203.000000 21.000000 198.750000 1.011576 0.000489 1.044219 0.000240
18.000000 24.000000 203.000000 220.000000 21.000000 211.500000 0.997617 0.000545 1.040774 0.000270
24.000000 30.000000 58.500000 75.500000 27.000000 67.000000 0.991056 0.000493 1.041271 0.000243
24.000000 30.000000 75.500000 84.000000 27.000000 79.750000 0.997678 0.000552 1.040490 0.000280
24.000000 30.000000 84.000000 92.500000 27.000000 88.250000 0.998150 0.000543 1.041123 0.000278
24.000000 30.000000 92.500000 101.000000 27.000000 96.750000 0.993170 0.000536 1.043870 0.000276
24.000000 30.000000 101.000000 109.500000 27.000000 105.250000 0.991914 0.000534 1.039075 0.000273
24.000000 30.000000 109.500000 118.000000 27.000000 113.750000 0.995502 0.000537 1.041300 0.000278
24.000000 30.000000 118.000000 126.500000 27.000000 122.250000 0.996439 0.000537 1.042065 0.000275
24.000000 30.000000 126.500000 135.000000 27.000000 130.750000 0.993154 0.000521 1.041015 0.000268
24.000000 30.000000 135.000000 143.500000 27.000000 139.250000 0.984850 0.000518 1.039932 0.000265
24.000000 30.000000 143.500000 152.000000 27.000000 147.750000 0.997858 0.000522 1.041257 0.000266
24.000000 30.000000 152.000000 160.500000 27.000000 156.250000 0.993640 0.000513 1.040112 0.000264
24.000000 30.000000 160.500000 169.000000 27.000000 164.750000 0.994810 0.000514 1.041133 0.000264
24.000000 30.000000 169.000000 177.500000 27.000000 173.250000 0.996866 0.000506 1.042549 0.000261
24.000000 30.000000 177.500000 186.000000 27.000000 181.750000 0.990229 0.000509 1.041630 0.000268
24.000000 30.000000 186.000000 194.500000 27.000000 190.250000 0.998765 0.000527 1.043966 0.000269
24.000000 30.000000 194.500000 203.000000 27.000000 198.750000 1.002445 0.000532 1.039590 0.000273
24.000000 30.000000 203.000000 220.000000 27.000000 211.500000 0.987457 0.000598 1.041003 0.000305
30.000000 38.000000 58.500000 75.500000 34.000000 67.000000 0.960256 0.000481 1.031138 0.000268
30.000000 38.000000 75.500000 84.000000 34.000000 79.750000 0.967392 0.000556 1.031786 0.000308
30.000000 38.000000 84.000000 92.500000 34.000000 88.250000 0.968487 0.000541 1.033354 0.000301
30.000000 38.000000 92.500000 101.000000 34.000000 96.750000 0.966273 0.000529 1.032347 0.000292
30.000000 38.000000 101.000000 109.500000 34.000000 105.250000 0.964781 0.000518 1.034936 0.000289
30.000000 38.000000 109.500000 118.000000 34.000000 113.750000 0.963331 0.000514 1.033103 0.000288
30.000000 38.000000 118.000000 126.500000 34.000000 122.250000 0.967858 0.000510 1.035300 0.000284
30.000000 38.000000 126.500000 135.000000 34.000000 130.750000 0.971226 0.000505 1.032284 0.000292
30.000000 38.000000 135.000000 143.500000 34.000000 139.250000 0.968003 0.000514 1.032032 0.000285
30.000000 38.000000 143.500000 152.000000 34.000000 147.750000 0.971699 0.000508 1.035037 0.000286
30.000000 38.000000 152.000000 160.500000 34.000000 156.250000 0.974423 0.000513 1.035164 0.000286
30.000000 38.000000 160.500000 169.000000 34.000000 164.750000 0.969900 0.000522 1.033599 0.000290
30.000000 38.000000 169.000000 177.500000 34.000000 173.250000 0.970625 0.000526 1.036042 0.000286
30.000000 38.000000 177.500000 186.000000 34.000000 181.750000 0.968351 0.000520 1.033119 0.000289
30.000000 38.000000 186.000000 194.500000 34.000000 190.250000 0.964437 0.000542 1.031085 0.000297
30.000000 38.000000 194.500000 203.000000 34.000000 198.750000 0.962563 0.000542 1.032363 0.000301
30.000000 38.000000 203.000000 220.000000 34.000000 211.500000 0.964186 0.000604 1.036481 0.000331
38.000000 46.000000 58.500000 75.500000 42.000000 67.000000 0.934580 0.000544 1.015175 0.000328
38.000000 46.000000 75.500000 84.000000 42.000000 79.750000 0.940252 0.000610 1.019084 0.000378
38.000000 46.000000 84.000000 92.500000 42.000000 88.250000 0.936954 0.000605 1.018767 0.000363
38.000000 46.000000 92.500000 101.000000 42.000000 96.750000 0.933706 0.000583 1.015318 0.000358
38.000000 46.000000 101.000000 109.500000 42.000000 105.250000 0.936113 0.000576 1.018765 0.000354
38.000000 46.000000 109.500000 118.000000 42.000000 113.750000 0.941500 0.000583 1.019460 0.000353
38.000000 46.000000 118.000000 126.500000 42.000000 122.250000 0.938630 0.000571 1.020439 0.000352
38.000000 46.000000 126.500000 135.000000 42.000000 130.750000 0.935408 0.000572 1.021238 0.000349
38.000000 46.000000 135.000000 143.500000 42.000000 139.250000 0.936510 0.000563 1.018493 0.000350
38.000000 46.000000 143.500000 152.000000 42.000000 147.750000 0.938985 0.000572 1.020766 0.000351
38.000000 46.000000 152.000000 160.500000 42.000000 156.250000 0.940174 0.000569 1.018949 0.000348
38.000000 46.000000 160.500000 169.000000 42.000000 164.750000 0.939087 0.000574 1.019331 0.000346
38.000000 46.000000 169.000000 177.500000 42.000000 173.250000 0.940730 0.000579 1.021348 0.000343
38.000000 46.000000 177.500000 186.000000 42.000000 181.750000 0.946301 0.000589 1.021991 0.000354
38.000000 46.000000 186.000000 194.500000 42.000000 190.250000 0.943951 0.000602 1.018317 0.000357
38.000000 46.000000 194.500000 203.000000 42.000000 198.750000 0.945853 0.000594 1.019612 0.000358
38.000000 46.000000 203.000000 220.000000 42.000000 211.500000 0.942377 0.000683 1.027086 0.000405
46.000000 56.000000 58.500000 75.500000 51.000000 67.000000 0.889689 0.000660 0.993986 0.000445
46.000000 56.000000 75.500000 84.000000 51.000000 79.750000 0.902580 0.000736 0.995041 0.000511
46.000000 56.000000 84.000000 92.500000 51.000000 88.250000 0.911569 0.000746 1.001203 0.000503
46.000000 56.000000 92.500000 101.000000 51.000000 96.750000 0.906530 0.000746 0.999346 0.000493
46.000000 56.000000 101.000000 109.500000 51.000000 105.250000 0.912015 0.000723 0.998394 0.000485
46.000000 56.000000 109.500000 118.000000 51.000000 113.750000 0.906239 0.000702 0.998241 0.000466
46.000000 56.000000 118.000000 126.500000 51.000000 122.250000 0.907725 0.000702 1.001776 0.000471
46.000000 56.000000 126.500000 135.000000 51.000000 130.750000 0.909341 0.000695 0.999261 0.000458
46.000000 56.000000 135.000000 143.500000 51.000000 139.250000 0.908630 0.000694 1.001575 0.000460
46.000000 56.000000 143.500000 152.000000 51.000000 147.750000 0.907889 0.000692 0.997989 0.000457
46.000000 56.000000 152.000000 160.500000 51.000000 156.250000 0.913816 0.000685 0.996427 0.000460
46.000000 56.000000 160.500000 169.000000 51.000000 164.750000 0.908287 0.000696 0.998215 0.000452
46.000000 56.000000 169.000000 177.500000 51.000000 173.250000 0.907806 0.000693 0.997104 0.000456
46.000000 56.000000 177.500000 186.000000 51.000000 181.750000 0.910180 0.000683 0.994150 0.000458
46.000000 56.000000 186.000000 194.500000 51.000000 190.250000 0.911768 0.000692 0.996224 0.000461
46.000000 56.000000 194.500000 203.000000 51.000000 198.750000 0.918364 0.000686 1.000985 0.000459
46.000000 56.000000 203.000000 220.000000 51.000000 211.500000 0.923995 0.000839 1.005474 0.000541
56.000000 90.000000 58.500000 75.500000 73.000000 67.000000 0.861385 0.001388 0.962126 0.000957
56.000000 90.000000 75.500000 84.000000 73.000000 79.750000 0.870056 0.001496 0.968840 0.001083
56.000000 90.000000 84.000000 92.500000 73.000000 88.250000 0.880164 0.001530 0.978262 0.000989
56.000000 90.000000 92.500000 101.000000 73.000000 96.750000 0.891339 0.001520 0.973696 0.001030
56.000000 90.000000 101.000000 109.500000 73.000000 105.250000 0.880928 0.001485 0.977149 0.001044
56.000000 90.000000 109.500000 118.000000 73.000000 113.750000 0.888629 0.001444 0.970006 0.000990
56.000000 90.000000 118.000000 126.500000 73.000000 122.250000 0.875262 0.001469 0.968210 0.000996
56.000000 90.000000 126.500000 135.000000 73.000000 130.750000 0.895264 0.001433 0.969652 0.000947
56.000000 90.000000 135.000000 143.500000 73.000000 139.250000 0.878293 0.001487 0.973446 0.000949
56.000000 90.000000 143.500000 152.000000 73.000000 147.750000 0.886969 0.001484 0.972356 0.000950
56.000000 90.000000 152.000000 160.500000 73.000000 156.250000 0.898044 0.001418 0.981863 0.000948
56.000000 90.000000 160.500000 169.000000 73.000000 164.750000 0.886641 0.001361 0.975404 0.000955
56.000000 90.000000 169.000000 177.500000 73.000000 173.250000 0.887731 0.001445 0.977775 0.000969
56.000000 90.000000 177.500000 186.000000 73.000000 181.750000 0.890811 0.001398 0.975462 0.000956
56.000000 90.000000 186.000000 194.500000 73.000000 190.250000 0.896309 0.001378 0.970932 0.000901
56.000000 90.000000 194.500000 203.000000 73.000000 198.750000 0.886534 0.001389 0.975535 0.000909
56.000000 90.000000 203.000000 220.000000 73.000000 211.500000 0.935870 0.001822 0.982545 0.001215
